TT        PID        AT        CT        IO_D        WT      RT      TRT
20         3        15       134         0         0         0         5
25         4        20        81         0         0         0         5
45         7        39        73         0         0         0         6
52         5        25        27         0         0         0        27
60        10        45       200         0         0         0        15
65        11        48       134         0         0         0        17
65        81        53       128         0        12         0        12
65        82        63       118         0         2         0         2
75        14        63        34         0         0         0        12
75        83        64        32         0         1         0        11
75        86        73        23         0         2         0         2
119         2        10        56         7        53         0       109
120        84        69        67         0         6         0        51
120        88        80        59         0        40         0        40
120        89       106        35         0        14         0        14
133        91       130         9         0         1         0         3
135        90       108        26         0        27         0        27
135        25       100        35         0         0         0        35
140        87        77        62         0        63        63        63
140        85        71        65         0         4         0        69
163        24        95        40         3        28         0        68
164        92       135        16         0        29         0        29
164        94       148         3         0        16         0        16
169        13        54        92         5        23         0       115
170        30       125        27         0        18        44        45
191        35       145       200         0        16         0        46
191        96       178       182         0        13         0        13
195        95       167        44         0        24         0        28
195        98       193       125         0         2         0         2
199        93       139        72         0        60         0        60
207        48       187        20         0         0         0        20
212        32       139        73         0         0         0        73
215        27       110        56         0        49        53       105
219        42       169       150         0         0         0        50
219        97       182       136         0        37         0        37
219        12        50        80         2        89       165       169
228        23        87        20         0       121       125       141
235       103       226         8         0         9         0         9
235       104       231         3         0         4         0         4
235       102       223        11         0         1         0        12
235       101       221        13         0        14         0        14
235        50       200        35         0         0         0        35
245        43       171       161         0        65        64        74
246       105       244        18         0         2         0         2
250        37       150        80         2        20         0       100
262        99       219        68         0        26         0        43
262       100       221        66         0        41         0        41
278        18        71       161         0        46         0       207
278        55       225        27         0        26        10        53
288       106       268        19         0        20         0        20
288       107       269        18         0        19         0        19
288         1         1       200        37        87       118       287
289        28       115       134         0        40        92       174
291        49       195        40         0        56        55        96
300        64       263        34         0         3         0        37
312       109       289       107         0        23         0        23
312       110       290       176         0        22         0        22
313        33       141        90         0        82       137       172
314       108       287       179         0        27         0        27
314       111       300        96         0        14         0        14
314       112       309        62         0         5         0         5
341       114       328        72         0        13         0        13
371        29       120        81         0       170       171       251
401       113       323        85         0         0         0        78
401       115       331        77         0        70         0        70
401       116       373       104         0        28         0        28
403       117       382        25         0        21         0        21
409       118       408         0         0         1         0         1
410        45       177       108         0       125       232       233
410        72       283       127         0         0         0       127
426         6        30       107         0       289       380       396
427        56       230       107         6        90        83       197
429        40       165        88         0       176         0       264
430        39       163        34         0       233       266       267
441       119       432         8         0         9         0         9
441        51       201       200         0        40         0       240
442        80       325        27         0        90         0       117
458        74       295        40         3       123       132       163
461        73       287        20         0       154       171       174
462       120       461       107         0         0         0         1
489        77       310        56         0       123         0       179
514       121       482        86         0         1         0        32
514       122       487        40         0        27         0        27
516        79       320        81         5       115         0       196
517       123       495        73         0        22         0        22
525       124       498        29         0        27         0        27
528        67       269       150         0       109         0       259
556        34       143       121         0       292         0       413
557        38       154        92         0       311         0       403
562        53       215       134         0       213         0       347
569        76       301       200         0        68        70       268
576        54       220        81         0       275       336       356
589        57       239        73         0       277       330       350
595         9        43       121         0       431       519       552
596        15        65        88         9       443       511       531
614         8        41        90         0       483       555       573
618        44       174        93         0       351         0       444
626        65       265        88         0       273       292       361
642        58       241        90         0       311         0       401
666        63       254        92         0       320       372       412
672        46       180       183        21       309       438       492
674        75       300        35         0       339         0       374
682        47       183       127         0       372       489       499
688        52       210        56         7       422        78       478
747        69       274        93         0       380       368       473
778        17        69       150        15       559       459       709
785        22        83       127         0       575         0       702
798        62       250        80         0       468       528       548
816        19        74        93        14       649        96       742
828        41       168       199         0       461         0       660
829        59       243       121         9       465       504       586
833        31       130       107         0       596        98       703
836        71       280       183         0       373       548       556
862        70       277       108         0       477       411       585
873        60       245       200         0       428       540       628
882        78       315       134         0       433         0       567
916        16        68       199         0       649         0       848
926        20        77       108         0       741       537       849
960        61       248       134         0       578       162       712
991        21        80       183        11       728         0       911
1006        68       271       161         0       574         0       735
1013        36       148       134         0       731       441       865
1055        26       101       200        37       754       697       954
1055        66       268       199         0       588       561       787

Processes: 124
Avg WT = 162.54      Avg RT = 99.2016      Avg TRT = 224.177
Migration %:     RTF= 34.6774%,      MaxW= 232.258%
Work Steal%: 108.065%
Forked Process: 35.4839%
Killed Process: 12.0968%
Processes Finished before deadline: 87%
Processsors: 12 [ 3 FCFS, 4 SJF, 3 EDF, 2 RR ]
 ******** Processors Load *********
p1= 1.53248%,	
p2= 1.48932%,	
p3= 1.44255%,	
p4= 3.0182%,	
p5= 2.94266%,	
p6= 2.80955%,	
p7= 2.79517%,	
p8= 2.46061%,	
p9= 2.38147%,	
p10= 2.36348%,	
p11= 2.12245%,	
p12= 2.40305%,	

 ********* Processors Utiliz ********** 
p1= 42.6%,	
p2= 40.9901%,	
p3= 39.703%,	
p4= 87.8534%,	
p5= 86.5608%,	
p6= 81.7801%,	
p7= 79.6923%,	
p8= 71.25%,	
p9= 67.2081%,	
p10= 64.7291%,	
p11= 59.596%,	
p12= 65.8128%,	

AvgUtilization = 65.648%