TT        PID        AT        CT        IO_D        WT      RT      TRT
3         2         2        56         0         0         0         1
3        51         2        55         0         0         0         1
3        52         2        54         0         1         0         1
13        54         4        42         0         9         0         9
13        58         7        19         0         6         0         6
13        61         7        31         0         6         0         6
18        63        13        33         0         5         0         5
20        56         5        40         0        15         0        15
20        59         7        39         0        13         0        13
22        55         5        20         0         2         0        17
22        60         7        18         0        15         0        15
22        64        13        25         0         9         0         9
38        20         4        34         0         0         0        34
39        24         5        34         0         0         0        34
39        28         5        34         0         0         0        34
40        23         5        11         0        24        33        35
42        65        14        12         0        28         0        28
42        67        20        26         0        22         0        22
42        68        23        23         0        19         0        19
44        44        10        34         0         0         0        34
47        70        43         3         0         4         0         4
47        71        44         2         0         3         0         3
47        53         3        43         0         1         0        44
48        19         4        44         0         0         0        44
52        31         6        11         0        35        34        46
56        57         6        32         0        42         0        50
56        62        11        15         0        45         0        45
56        66        14        31         0        42         0        42
56        69        23        23         0        33         0        33
56        72        50        29         0         6         0         6
56        43        10        11         0        35        34        46
59        22         4        55         0         0         0        55
64        29         6        58         0         0         0        58
64        21         4        58         0         2        55        60
66         3         2        24         0        40        50        64
76        16         4        20        20        52        52        72
101        32         6        34         0        61        60        95
115        27         5        44         0        66        96       110
115        33         6        74         0        35         0       109
126         5         2        45         0        79         0       124
127        40         6        34         0        87       109       121
139        26         5       134         0         0         0       134
148        36         6        20        20       122       121       142
168        14         4        34         0       130       144       164
188        13         4        35         0       149       164       184
214         4         2        44         0       168       137       212
220        30         6        55         0       159       182       214
240        42         6        55         0       179       214       234
541        48        12        43         0       486        52       529
560        15         4        74         0       482         0       556
561        35         6        56         0       499       535       555
573        45        10        74         0       489         0       563
585        39         6        44         0       535       567       579
591        46        12        66         0       513       548       579
605        10         3        56         0       546       582       602
619        11         3        66         0       550         0       616
625        49        12        46         0       567         0       613
643        25         5        74         0       564         0       638
690        41         6        58         0       626         0       684
700        12         3        67         0       630       687       697
769        50        12        90         0       667        27       757
775         1         2        35        12       738       767       773
795         6         3        65        22       727       772       792
802        17         4        56        22       742       791       798
822        47        12        56         0       754       790       810
842        37         6        56        37       780       816       836
862         7         3        76         9       783       839       859
882         9         3        87         0       792       859       879
902         8         3       100         0       799       879       899
922        18         4       134         0       784       898       918
942        38         6       134         0       802       916       936
944        34         6       200        37       738       936       938

Processes: 72
Avg WT = 240.861      Avg RT = 190.917      Avg TRT = 281.375
Migration %:     RTF= 68.0556%,      MaxW= 141.667%
Work Steal%: 66.6667%
Forked Process: 30.5556%
Killed Process: 4.16667%
Processes Finished before deadline: 75%
Processsors: 28 [ 6 FCFS, 7 SJF, 7 EDF, 8 RR ]
 ******** Processors Load *********
p1= 0.0987216%,	
p2= 0.261612%,	
p3= 0.0542969%,	
p4= 0.0789772%,	
p5= 0.197443%,	
p6= 0.0839133%,	
p7= 0.454119%,	
p8= 0.182635%,	
p9= 0.518288%,	
p10= 0.27642%,	
p11= 1.63384%,	
p12= 0.380078%,	
p13= 1.18466%,	
p14= 0.153018%,	
p15= 0.172763%,	
p16= 0.325781%,	
p17= 0.562713%,	
p18= 0.380078%,	
p19= 0.799645%,	
p20= 2.17187%,	
p21= 0.50348%,	
p22= 1.01683%,	
p23= 0.13821%,	
p24= 1.14023%,	
p25= 0.380078%,	
p26= 0.789772%,	
p27= 0.404758%,	
p28= 0.301101%,	

 ********* Processors Utiliz ********** 
p1= 4.51467%,	
p2= 11.9639%,	
p3= 2.48307%,	
p4= 3.61174%,	
p5= 9.02935%,	
p6= 3.83747%,	
p7= 91.0891%,	
p8= 94.8718%,	
p9= 85.3659%,	
p10= 70.8861%,	
p11= 74.7178%,	
p12= 88.5057%,	
p13= 97.561%,	
p14= 68.8889%,	
p15= 85.3659%,	
p16= 73.3333%,	
p17= 85.7143%,	
p18= 96.25%,	
p19= 81.407%,	
p20= 99.3228%,	
p21= 97.1429%,	
p22= 96.2617%,	
p23= 49.1228%,	
p24= 52.1445%,	
p25= 17.3815%,	
p26= 36.1174%,	
p27= 18.5102%,	
p28= 13.7698%,	

AvgUtilization = 57.4704%