TT        PID        AT        CT        IO_D        WT      RT      TRT
3         2         3        76         0         0         0         0
14        41         3        64         0         0         0        11
14        42         3        63         0        11         0        11
23        10         4        74         0        17         0        19
35        44         6        61         0        29         0        29
35        45        12        90         0        23         0        23
35        47        14        53         0        21         0        21
38         9         4        34         0         0         0        34
46        12         4        56         0        38         0        42
60        35         6        34         0        54         0        54
66        43         5        61         0        61         0        61
66        46        13        89         0        53         0        53
66        48        49        53         0        17         0        17
237        15         4        34         0       199         0       233
245        49       221        54         0        24         0        24
245        50       227        48         0        18         0        18
245        26         6        11         0       228        32       239
249        38        10        11         0       228       227       239
269        11         4        20        20       245       245       265
281        18         5        11         0       265       264       276
289        51       245        54         0        44         0        44
289        52       253        46         0        36         0        36
320        53       269        50         0        51         0        51
320        54       277        42         0        43         0        43
320        20         5        74         0       241       240       315
478        16         4        58         0       416         0       474
483        34         6        44         0       433         0       477
508        23         5        34         0       469       473       503
523         8         4        35         0       484         0       519
523        14         4        44         0       475         0       519
523        17         4        55         0       464         0       519
535         7         3        67         0       465       520       532
633        21         5       134         0       494       503       628
724        30         6        56         0       662         0       718
728         6         3        66         0       659       721       725
830        37         6        55         0       769         0       824
831        19         5        34         0       792       478       826
834        31         6        20        20       808       825       828
841        22         5        44         0       792         0       836
973        40        10        74         0       889       831       963
1044        36         6        58         0       980       824      1038
1091         3         3       100         0       988         0      1088
1093        28         6        74         0      1013       722      1087
1095        25         6        55         0      1034       314      1089
1106        39        10        34         0      1062      1085      1096
1107         5         3        56         0      1048         0      1104
1107         4         3        87         0      1017         0      1104
1109        27         6        34         0      1069      1101      1103
1121        24         6        58         0      1057      1085      1115
1122        33         6       134         0       982         0      1116
1154        13         4       134         0      1016      1102      1150
1179        32         6        56        37      1117      1148      1173
1184         1         3        65        22      1116      1176      1181
1218        29         6       200        37      1012         0      1212

Processes: 54
Avg WT = 472.741      Avg RT = 257.704      Avg TRT = 513.056
Migration %:     RTF= 157.407%,      MaxW= 348.148%
Work Steal%: 237.037%
Forked Process: 25.9259%
Killed Process: 7.40741%
Processes Finished before deadline: 81%
Processsors: 12 [ 3 FCFS, 3 SJF, 3 EDF, 3 RR ]
 ******** Processors Load *********
p1= 0.288757%,	
p2= 0.126331%,	
p3= 0.440354%,	
p4= 1.16585%,	
p5= 0.92763%,	
p6= 0.66414%,	
p7= 0.768814%,	
p8= 0.577513%,	
p9= 1.03952%,	
p10= 1.03952%,	
p11= 0.555856%,	
p12= 0.393431%,	

 ********* Processors Utiliz ********** 
p1= 9.80392%,	
p2= 4.28922%,	
p3= 14.951%,	
p4= 78.0193%,	
p5= 94.1392%,	
p6= 86.385%,	
p7= 69.3811%,	
p8= 51.6129%,	
p9= 69.5652%,	
p10= 46.8293%,	
p11= 25.0406%,	
p12= 26.3285%,	

AvgUtilization = 48.0288%