TT        PID        AT        CT        IO_D        WT      RT      TRT
10        51         5        67         0         5         0         5
34         6         8        20         6         6         0        26
50        12        22        22         0         6         0        28
66        16        34        27         0         5         0        32
80        53        53        26         0        27         0        27
80         8        15        65         0         0         0        65
81        52        36        76         0        45        44        45
119         2         3        70         0        46         0       116
138        54       101       344         0        37         0        37
154         7         9       145         0         0         0       145
156        55       108       137         0        48         0        48
156        56       108       337         0        48         0        48
159        17        34        77        12        48         0       125
182        57       140       122         0        34         0        42
246        14        26        55         6       165         0       220
276        31        63       213         0         0         0       213
280        58       250       369         0         0         0        30
299        22        45        99         0       155         0       254
312         1         2       100        10       210         0       310
337        40        76       211         0        50         0       261
347        21        42       255         0        50         0       305
460        44        85       124         0       251         0       375
461        34        66       165         0       230         0       395
513        33        65       123         0       325         0       448
562        19        40       157        11       365         0       522
573         5         7       170        15       396       506       566
577        32        65       156         0       356       508       512
592        18        38       178         0       376       238       554
608        11        22       110        31       476         0       586
613         4         3       154        22       456       605       610
617        15        28       114        29       475       564       589
619        60       590        29         0         0         0        29
620        59       505       114         0         1         0       115
620        49        98       500         0        22        21       522
641        36        70       156        22       415         0       571
645        13        25        87        43       533       616       620
650        43        84       152        11       414       533       566
673         3         3        78        18       592       458       670
673        42        83       154        10       436         0       590
730        35        66       164         9       500       607       664
821        20        41       175         0       605       609       780
886        10        19       215         0       652       328       867
971        48        92       301         0       578       528       879
978        25        51       125        68       802         0       927
1035        38        72       421         0       542         0       963
1044        37        71       159        57       814       548       973
1048        41        79       246         7       723       965       969
1050        50       100       126        56       824         0       950
1055         9        16       245        27       794        50      1039
1057        27        55       211         6       791       766      1002
1156        46        90       402        28       664        69      1066
1178        29        58       320        20       800         0      1120
1183        45        86       146        89       951         0      1097
1222        39        75       320        27       827         0      1147
1232        28        57       345         7       830         0      1175
1302        23        50       256        58       996         0      1252
1330        47        92       300        23       938         0      1238
1343        26        53       322         5       968         0      1290
1349        30        61       450        92       838       612      1288
1350        24        51       445        10       854         0      1299

Processes: 60
Avg WT = 389.917      Avg RT = 152.917      Avg TRT = 553.45
Migration %:     RTF= 40%,      MaxW= 945%
Work Steal%: 461.667%
Forked Process: 16.6667%
Killed Process: 0%
Processes Finished before deadline: 76%
Processsors: 16 [ 4 FCFS, 4 SJF, 4 EDF, 4 RR ]
 ******** Processors Load *********
p1= 1.12928%,	
p2= 0.870298%,	
p3= 0.888367%,	
p4= 1.02087%,	
p5= 3.21318%,	
p6= 3.11079%,	
p7= 3.30954%,	
p8= 2.85783%,	
p9= 2.23447%,	
p10= 1.90321%,	
p11= 1.90622%,	
p12= 1.81588%,	
p13= 1.43042%,	
p14= 1.13831%,	
p15= 1.18047%,	
p16= 1.69543%,	

 ********* Processors Utiliz ********** 
p1= 29.7147%,	
p2= 22.9002%,	
p3= 23.3756%,	
p4= 26.1776%,	
p5= 93.5145%,	
p6= 93.231%,	
p7= 95.0692%,	
p8= 88.2791%,	
p9= 62.0401%,	
p10= 53.833%,	
p11= 52.9264%,	
p12= 50.8861%,	
p13= 40.8426%,	
p14= 31.0345%,	
p15= 30.7934%,	
p16= 44.2262%,	

AvgUtilization = 52.4278%